[0.1552422]
[0.07958214]
[0.11869207]
[0.09528695]
[0.12657727]
[0.04349516]
[0.0898136]
[0.1488905]
[0.21356273]
[0.11094792]
[0.22282122]
[0.13132443]
[0.14248829]
[0.20876296]
[0.08654258]
[0.17421131]
[0.20609675]
[0.13761058]
[0.10555564]
[0.19269876]
[0.17426166]
[0.19270141]
[0.13675025]
[0.18246867]
[0.16115382]
[0.19177845]
[0.22844756]
[0.15342756]
[0.18406932]
[0.1831108]
[0.13942231]
[0.10914449]
[0.18530212]
[0.23316386]
[0.0998596]
[0.09787612]
[0.11379987]
[0.16769554]
[0.13146451]
[0.15801561]
[0.1693936]
[0.17085068]
[0.11896139]
[0.12841386]
[0.20897083]
[0.11668774]
[0.09787612]
[0.11379987]
[0.14222953]
[0.11400741]
[0.13146451]
[0.15801561]
[0.16681246]
[0.17085068]
[0.121738]
[0.12841386]
[0.20897083]
[0.1252055]
[0.09787612]
[0.11379987]
[0.13650128]
[0.10937573]
[0.13146451]
[0.15801561]
[0.16681246]
[0.17085068]
[0.11934122]
[0.12841386]
[0.20897083]
[0.12198181]
[0.09787612]
[0.11379987]
[0.14905597]
[0.1142959]
[0.13146451]
[0.15801561]
[0.16681246]
[0.17085068]
[0.14790413]
[0.12099928]
[0.12841386]
[0.20897083]
[0.13943286]
[0.09617551]
[0.09108761]
[0.10320404]
[0.08699877]
[0.09313943]
[0.19063172]
[3.5222096]
[0.32574722]
[0.33954814]
[0.4649849]
[0.73629916]
[0.48653486]
[0.33939657]
[0.21368033]
[0.23505183]
[0.27256542]
[0.26896974]
[0.03082889]
[4.51546]
[3.9130023]
[2.0672474]
[2.8331203]
[1.5659605]
[4.3471613]
[3.7770166]
[4.460364]
[1.642742]
[2.5576835]
[1.656935]
[3.393799]
[1.3618128]
[3.8338141]
[1.664519]
[4.409018]
[3.1708086]
[0.5270541]
[0.35976252]
[0.15338185]
[0.15042855]
[0.26462066]
[0.11653019]
[0.18556842]
[0.24621937]
[0.23797126]
[0.29482868]
[0.1088277]
[0.26157254]
[0.31645003]
[3.009191]
[0.62479824]
[0.714776]
[0.01473269]
[0.24573845]
[4.197355]
[0.23929454]
[0.1724107]
[0.2794342]
[0.23194124]
[1.1715567]
[0.59286153]
[2.0500212]
[0.16508575]
[0.19602282]
[0.29778916]
[0.1694657]
[0.27876756]
[0.6787745]
[0.26194057]
[1.2471626]
[0.300167]
[0.2891842]
[0.35919425]
[0.4420429]
[0.22601663]
[0.7569963]
[0.1972168]
[0.17474835]
[0.18776044]
[0.35648093]
[0.36672816]
[0.25160086]
[-0.02079604]
[0.58717847]
[0.14726102]
[0.16824518]
[3.6673734]
[0.16980368]
[0.16326629]
[0.07821339]
[0.16175206]
[0.12825489]
[0.23620823]
[0.14835446]
[0.16994138]
[0.17750663]
[0.14518324]
[0.12777291]
[0.12525916]
[0.14231375]
[0.1544204]
[0.19773172]
[3.263717]
[0.18218078]
[0.24510223]
[0.35550547]
[0.1613747]
[0.17719164]
[0.94805926]
[0.26566297]
[0.65670073]
[0.67113537]
[0.44402158]
[0.23841496]
[0.32400173]
[0.5827846]
[0.13971381]
[0.2679355]
[1.2466502]
[0.2874709]
[0.11262245]
[0.17829108]
[0.22194861]
[0.17871495]
[0.20151936]
[0.3049001]
[0.21687837]
[0.21327616]
[0.14645405]
[0.17701443]
[0.3915429]
[0.12347245]
[0.19820096]
[0.3208539]
[0.23895551]
[0.23088588]
[0.29887462]
[0.1865866]
[0.52018285]
[0.08383115]
[0.1593809]
[0.22912548]
[0.12364349]
[0.19377486]
[0.10000849]
[0.07439719]
[0.17975864]
[1.5521113]
[0.23174167]
[0.9698694]
[1.0341258]
[0.28709003]
[0.2782636]
[0.28107423]
[0.31058237]
[0.28433198]
[0.23148297]
[0.3046404]
[0.23780279]
[0.26328677]
[0.3319]
[0.26627782]
[0.3327707]
[0.24069957]
[0.914413]
[0.2289321]
[0.9003269]
[0.33142626]
[0.28281564]
[0.25090298]
[0.20734836]
[0.2590059]
[0.19167699]
[0.26715037]
[0.14324324]
[0.21891776]
[4.2674527]
[2.9729257]
[2.8922625]
[2.7332227]
[1.9202362]
[0.71523243]
[1.3438399]
[1.237945]
[0.3502939]
[0.08614446]
[4.8050675]
[2.146013]
[4.315399]
[3.577124]
[4.6643767]
[0.15760466]
[0.18648252]
[0.16343099]
[0.1833536]
[0.16326176]
[0.15998584]
[0.04338925]
[0.05062602]
[0.06974687]
[0.08037692]
[0.103402]
[0.10499422]
[0.08927361]
[0.04503282]
[-0.05025287]
[-0.02376005]
[0.0603556]
[-0.03360932]
[0.7986962]
[2.4914253]
[0.2449751]
[4.578776]
[1.462641]
[1.1755568]
[0.23878805]
[0.85073626]
[1.0594726]
[3.828591]
[-0.01032417]
[0.19596472]
[0.15536597]
[0.1781116]
[0.27419835]
[0.36543286]
[0.20525959]
[0.19721948]
[2.6445968]
[0.23217742]
[0.25208914]
[3.1501122]
[3.5428987]
[2.3373325]
[0.7794835]
[2.1228638]
[0.6020959]
[0.05703842]
[0.2717244]
[3.0117657]
[4.4196296]
[0.2175923]
[0.24960552]
[0.05393892]
[0.28829882]
[2.3444672]
[0.2222505]
[0.31407857]
[0.5429869]
[0.29372206]
[0.26381418]
[0.26342466]
[0.4125339]
[0.25240496]
[0.39646167]
[0.24730037]
[0.58161265]
[1.0124577]
[0.2222505]
[0.31407857]
[0.5429869]
[0.29372206]
[0.26381418]
[0.26342466]
[0.46889436]
[0.25240496]
[0.8945788]
[0.24730037]
[0.2246275]
[0.21991263]
[1.042111]
[0.2310054]
[0.58161265]
[0.3353399]
[0.25366786]
[0.2591565]
[0.14948167]
[-0.05302091]
[0.09275863]
[4.404462]
[0.2074795]
[4.4354243]
[4.735157]
[4.693408]
[4.5798154]
[0.02228311]
[0.03814768]
[0.02466933]
[0.02419457]
[0.06452113]
[-0.0074224]
[-0.03507973]
[-0.0636812]
[-0.02463819]
[0.04303638]
[0.180796]
[0.1867185]
[0.07443181]
[0.08582014]
[0.1296035]
[0.1306906]
[3.8946843]
[0.09031452]
[0.07586025]
[0.5109727]
[1.1426239]
[4.1899295]
[0.5841803]
[0.48379797]
[0.68691564]
[0.04628707]
[0.44744074]
[0.5513001]
[1.9389265]
[0.91534007]
[3.9803667]
[0.6242852]
[-0.00675305]
[0.19253452]
[0.12937711]
[0.138067]
[0.1348757]
[0.13093671]
[4.4115553]
[0.19552141]
[0.10725161]
[0.14036392]
[0.804318]
[0.38998643]
[0.33228672]
[0.5750121]
[0.45192266]
[0.16758889]
[0.2844633]
[0.28718278]
[0.1886533]
[0.12177293]
[0.22819228]
[0.16433017]
[0.18336894]
[0.29938474]
[0.16040562]
[0.12859079]
[0.1516783]
[0.11630052]
[0.20428538]
[0.18823753]
[0.2399706]
[0.14484066]
[0.1151606]
[0.01566382]
[2.3896427]
[0.11839086]
[0.06542117]
[0.06388016]
[0.09088127]
[0.07677686]
[0.12417683]
[0.12127617]
[0.08401187]
[-0.02574769]
[0.5060323]
[4.1546]
[4.793722]
[4.1546]
[4.7762423]
[0.09789106]
[0.14739916]
[0.09750676]
[0.14669128]
[0.09750676]
[0.06727539]
[-0.01131454]
[0.00405638]
[-0.00651308]
[-0.06145737]
[-0.01699386]
[-0.04414509]
[0.1953019]
[0.28091696]
[0.14634357]
[0.37999645]
[0.21451129]
[0.2861845]
[0.3548512]
[2.3360753]
[0.24282084]
[4.4287643]
[0.6073015]
[0.26409894]
[0.08342612]
[0.04367211]
[0.17687415]
[0.19814306]
[1.679818]
[0.26474348]
[0.11445224]
[0.145194]
[0.11192647]
[0.1877048]
[0.11445224]
[0.19262227]
[0.11445224]
[0.1878681]
[0.18329103]
[0.09850103]
[0.12585366]
[0.37212232]
[0.2543032]
[0.18329103]
[0.09850103]
[0.08938899]
[0.06220594]
[0.5561131]
[0.7321767]
[4.01474]
[0.43292165]
[0.38677412]
[0.41094607]
[1.0384703]
[0.73492813]
[0.527397]
[0.6426428]
[0.16751955]
[0.5533655]
[0.3659494]
[0.09252468]
[0.09130774]
[0.17290582]
[0.08912122]
[0.1039589]
[0.15686826]
[0.1360877]
[0.0888657]
[0.09703204]
[0.1439022]
[0.09803131]
[0.1267646]
[0.13480659]
[0.10722442]
[0.16015407]
[0.29324237]
[0.1166378]
[0.08018053]
[0.09108209]
[0.10961685]
[0.09132868]
[0.25247952]
[0.13804138]
[0.06191433]
[0.1427697]
[0.20894665]
[0.13391887]
[1.0383111]
[4.021776]
[1.3601801]
[0.88152677]
[0.39027888]
[0.06809826]
[3.1208344]
[0.30928785]
[0.67485243]
[0.2971303]
[0.48352557]
[0.22059846]
[0.19655992]
[0.08713742]
[0.8234979]
[0.46201372]
[0.25451717]
[0.80649346]
[4.2889767]
[0.20698954]
[0.8926339]
[1.1202713]
[2.1333594]
[0.4131526]
[1.6582209]
[0.39302322]
[0.29279396]
[3.8109963]
[0.49666116]
[0.63397604]
[3.2481673]
[3.37523]
[0.48869976]
[2.205433]
[0.2742146]
[0.63397604]
[1.9778302]
[0.49666116]
[0.7271828]
[1.7656686]
[0.49666116]
[0.22999384]
[1.1712002]
[0.24202858]
[1.4995856]
[0.9232432]
[4.497107]
[0.05566604]
[0.24213542]
[4.3000727]
[0.27280784]
[1.619314]
[0.07323626]
[2.4978597]
[0.27555335]
[0.4698738]
[4.1511607]
[0.09174992]
[0.63325995]
[0.25407168]
[3.7007315]
[0.8656403]
[1.0377346]
[0.42411423]
[0.4615041]
[0.36748254]
[0.37743503]
[0.27936402]
[1.2461011]
[0.24392965]
[0.26284975]
[0.45742244]
[0.75786257]
[0.35348195]
[0.30064505]
[1.9144299]
[0.6157764]
[0.4167599]
[0.22734194]
[0.5894293]
[1.1264194]
[1.7495368]
[0.43818328]
[0.40176615]
[0.42101848]
[0.38824338]
[1.0772045]
[1.5468858]
[1.2978085]
[1.75097]
[1.9286755]
[1.9544171]
[0.6287664]
[1.2130101]
[4.471452]
[0.53975976]
[0.0154071]
[1.4664066]
[0.25819045]
[0.3133268]
[0.39944527]
[1.7645051]
[0.27984807]
[0.56036365]
[0.27583522]
[0.45279452]
[0.47919983]
[0.21316825]
[0.7626002]
[3.4341092]
[0.18211214]
[0.94292474]
[0.47198313]
[2.0990858]
[0.8283485]
[0.6240856]
[0.9452771]
[0.39944527]
[0.26303253]
[0.9975254]
[0.9289985]
[0.24626584]
[0.19472758]
[0.76147175]
[2.27085]
[0.5035563]
[0.8046457]
[0.37513262]
[4.147506]
[0.19052577]
[0.34217682]
[4.5378823]
[4.480346]
[4.4896784]
[4.461255]
[4.430097]
[4.453823]
[4.486268]
[4.469845]
[0.03052161]
[4.8369303]
[4.31584]
[4.440538]
[4.1606035]
[0.17199238]
[0.12953995]
[0.12944269]
[0.1490435]
[0.3378862]
[0.0373573]
[0.0652497]
[0.08940419]
[0.06616263]
[0.07307279]
[0.06848486]
[0.05763756]
[0.01778691]
[-0.02279013]
[-0.00397225]
[0.07446792]
[4.463159]
[4.505467]
[0.18659925]
[0.06654256]
[0.10930994]
[0.39333397]
[0.19979014]
[0.50346833]
[0.39617842]
[0.40955418]
[0.3554033]
[0.24039324]
[0.30277997]
[0.33056763]
[0.30335474]
[0.23327063]
[0.29459745]
[0.30277997]
[0.33056763]
[0.33665428]
[0.33842233]
[3.932325]
[0.5519845]
[0.46730345]
[1.0524327]
[1.4767834]
[0.37506914]
[0.2575779]
[0.5181344]
[1.0224226]
[0.23349158]
[0.19339244]
[0.26969144]
[2.0570738]
[3.7713768]
[1.1702703]
[0.9522205]
[0.22241603]
[0.859328]
[2.2205331]
[1.6605823]
[3.0668187]
[0.8508533]
[0.46426752]
[0.9888642]
[0.9557806]
[2.6954203]
[0.34614155]
[3.3098023]
[0.3753269]
[0.4687896]
[2.4502058]
[0.32269996]
[3.3194294]
[2.31169]
[0.8980643]
[0.9817518]
[2.5110414]
[0.569954]
[1.0603905]
[0.40367144]
[0.6605659]
[0.3125162]
[1.6385967]
[0.29285836]
[0.01679988]
[0.14665739]
[0.35041332]
[3.9037652]
[0.15679109]
[0.57693183]
[0.22479135]
[0.14681292]
[0.15328728]
[0.03117639]
[0.02819995]
[3.692133]
[0.07575464]
[3.7661173]
[4.5130267]
[3.4519079]
[4.6472526]
[2.0884292]
[4.716]
[2.0884292]
[4.670734]
[2.0884292]
[4.54125]
[2.0884292]
[4.445431]
[0.00762846]
[0.02409048]
[0.03353788]
[0.01430091]
[0.03233336]
[0.03537314]
[0.00482718]
[-0.00751338]
[-0.08404306]
[-0.03094894]
[-0.00344249]
[-0.04765442]
[4.7916317]
[4.639656]
[0.01560185]
[0.04645291]
[-0.01056926]
[-0.0290518]
[-0.0613129]
[-0.06507756]
[0.05380046]
[3.8121562]
[0.17934853]
[0.24555601]
[0.20773828]
[0.4129843]
[0.26696867]
[0.3547366]
[0.8295699]
[1.055618]
[0.38649267]
[0.76228386]
[0.5103706]
[0.42973536]
[0.4726722]
[0.7737712]
[0.44621813]
[1.6252645]
[2.1615608]
[0.35619375]
[0.72024596]
[1.9361732]
[0.51426303]
[0.95822924]
[0.84785604]
[0.3936048]
[1.7319357]
[0.46007216]
[0.50426924]
[0.48424298]
[0.69487864]
[0.35757598]
[0.31698248]
[0.50483304]
[0.39156637]
[0.5866055]
[0.9852727]
[0.5359092]
[0.38460177]
[0.40772036]
[0.7906872]
[0.374474]
[0.4710414]
[0.43740827]
[0.4766506]
[0.3666102]
[0.7402532]
[1.6064049]
[0.6556666]
[1.4160492]
[0.37628242]
[0.448469]
[0.45860663]
[1.7744582]
[0.83394796]
[0.47967812]
[0.3420891]
[0.2823315]
[0.34891677]
[0.39156637]
[0.5866055]
[0.9852727]
[0.5359092]
[0.38854036]
[0.7906872]
[0.374474]
[1.7744582]
[1.0282085]
[0.4710414]
[0.4106877]
[0.4295698]
[0.5336324]
[0.25683466]
[1.2234359]
[2.925576]
[0.32109287]
[1.8921937]
[2.6052651]
[0.5689474]
[0.27247706]
[1.779027]
[0.43026403]
[0.7747744]
[0.6287876]
[0.3308673]
[0.58093673]
[0.573116]
[0.2841078]
[0.32913256]
[1.5351019]
[0.41759866]
[0.47996628]
[0.41557533]
[0.9140433]
[0.6056869]
[0.29920384]
[1.6772622]
[0.36955371]
[0.60039604]
[1.6826459]
[0.6444885]
[0.46095353]
[0.3653257]
[0.27642724]
[0.8190958]
[0.6263401]
[0.55029505]
[0.7316994]
[1.1832819]
[0.3156016]
[1.6364369]
[0.32514003]
[0.5023043]
[0.6234151]
[1.80454]
[1.4120159]
[1.5282965]
[1.328738]
[0.37495074]
[0.32470608]
[1.1123329]
[1.4165838]
[1.9922405]
[0.3634685]
[0.6126189]
[0.51921844]
[0.9602241]
[1.5744727]
[0.53235245]
[0.9957183]
[0.81121147]
[1.2347908]
[0.7877953]
[0.8007904]
[0.32918623]
[0.5579523]
[0.26688993]
[0.63031566]
[2.0777261]
[1.0535816]
[0.3197944]
[0.3651378]
[0.40565294]
[0.91377336]
[0.92207205]
[0.40901917]
[0.5313603]
[0.842912]
[1.6567612]
[1.4267327]
[1.5886257]
[2.4264717]
[1.2672864]
[1.7319357]
[1.4639077]
[1.245811]
[1.5049789]
[2.2148542]
[1.3730327]
[0.41806024]
[0.8859022]
[1.5205888]
[0.3960268]
[0.5367444]
[0.42436132]
[0.6011378]
[0.45612693]
[0.38329422]
[0.31220853]
[2.2529464]
[1.0424274]
[0.91962266]
[1.5249953]
[0.37057006]
[0.40753543]
[2.995404]
[0.34025708]
[0.38342464]
[0.47247538]
[0.47524124]
[0.58923745]
[0.19057082]
[0.20176396]
[0.50591105]
[0.20413573]
[1.2290509]
[0.6259118]
[0.33149317]
[0.45590276]
[0.3678849]
[0.24081944]
[0.23087122]
[0.17423439]
[0.26820326]
[0.40473026]
[0.4156976]
[0.50125754]
[0.28282866]
[0.3669312]
[0.47733825]
[0.49935758]
[1.1121991]
[0.33713877]
[0.74513835]
[0.4761475]
[0.5167258]
[0.5862062]
[0.58008796]
[0.40941533]
[0.53893673]
[0.61911374]
[1.094982]
[0.2920302]
[1.7023048]
[0.82609797]
[0.32115883]
[0.4274472]
[0.5938934]
[1.2640724]
[0.5806317]
[1.3346997]
[0.8069753]
[0.40242252]
[0.37091756]
[4.4529614]
[4.3171787]
[0.02123108]
[0.04900108]
[0.00284541]
[0.06856202]
[0.04441933]
[-0.03041308]
[-0.0083227]
[-0.05044223]
[-0.07565461]
[-0.00105811]
[0.17434135]
[0.29308578]
[2.2964666]
[0.44353488]
[0.813962]
[0.89025843]
[0.17855123]
[0.39803195]
[4.1488056]
[2.4428122]
[2.8786514]
[3.3251302]
[3.6787376]
[-0.06085605]
[0.28878212]
[4.7625413]
[4.0109167]
[4.424514]
[0.024155]
[-0.0502895]
[-0.01797193]
[-0.0503437]
[-0.05815383]
[0.10065921]
[0.21234296]
[0.24573787]
[1.9025736]
[0.2070139]
[1.7488475]
[0.72939235]
[1.212616]
[0.56129485]
[0.12502795]
[0.16313902]
[1.4842021]
[0.6898153]
[0.23650645]
[1.7488475]
[0.31305107]
[4.3301034]
[0.8259629]
[1.9025736]
[1.3704737]
[1.7488475]
[3.670329]
[1.212616]
[1.7932031]
[1.0887474]
[0.26374254]
[1.0185742]
[0.4439379]
[0.17243047]
[0.02873548]
[1.8773072]
[0.06710126]
[4.569019]
[4.445636]
[0.31883714]
[0.04461648]
[0.1847773]
[0.20527738]
[1.6953079]
[0.2708956]
[0.12190974]
[0.14777689]
[0.11740091]
[0.19185431]
[0.12190974]
[0.19378535]
[0.12190974]
[0.18824081]
[0.19064908]
[0.10002668]
[0.1252027]
[0.37555763]
[0.26359054]
[0.19064908]
[0.10002668]
[0.09120438]
[-0.04146153]
[0.04772138]
[0.04536613]
[4.782627]
[4.798787]
[4.805111]
[4.813351]
[4.7650185]
[0.06457871]
[0.08137108]
[0.04148078]
[0.00855778]
[-0.024554]
[-0.04368365]
[-0.03012258]
[1.4839906]
[0.23334193]
[0.04951602]
[0.13143235]
[0.08588952]
[3.6875658]
[0.19802898]
[0.37475532]
[0.21511869]
[0.2536044]
[0.20410974]
[0.16078119]
[0.16803843]
[0.05723431]
[0.19410811]
[0.9881995]
[0.16030708]
[0.1504596]
[0.41035524]
[4.0543785]
[1.7800426]
[0.1323799]
[0.10260653]
[0.1478443]
[0.26826024]
[0.1832065]
[0.18420678]
[0.1871654]
[0.19494176]
[0.26608634]
[0.2533437]
[0.23331322]
[0.34747997]
[0.26432168]
[0.22265436]
[0.26299387]
[0.2485324]
[0.23257819]
[0.21110457]
[0.24251615]
[0.3771242]
[0.2570818]
[0.28636014]
[0.3369907]
[0.33704287]
[0.44225284]
[0.4790554]
[0.4204593]
[0.23319589]
[0.18743221]
[0.5468213]
[0.27187988]
[0.250126]
[0.21325748]
[0.38785866]
[0.48824072]
[0.36571738]
[0.42852893]
[0.37150598]
[0.2089564]
[0.35371208]
[0.26414156]
[0.5193778]
[0.339586]
[0.31279618]
[0.33223638]
[0.44495344]
[0.324582]
[0.69826704]
[0.31656474]
[0.36193213]
[0.2603206]
[0.63959503]
[0.23136775]
[0.5286513]
[0.2538197]
[0.3347945]
[0.3200408]
[0.24389003]
[0.3875993]
[0.31939492]
[0.37446773]
[0.6270198]
[0.32387584]
[0.4249108]
[0.26040164]
[0.57535845]
[0.9222819]
[0.40114534]
[0.30157745]
[0.6795868]
[0.3272949]
[0.39999443]
[0.63220704]
[0.612214]
[0.8426013]
[0.22654259]
[0.68968546]
[0.35488474]
[1.8333614]
[0.5423493]
[0.44686937]
[0.5641846]
[0.35801506]
[0.42356402]
[0.26003844]
[0.52953094]
[0.17081048]
[0.32333824]
[0.5305178]
[0.58603525]
[0.3681295]
[0.38186595]
[0.3682691]
[0.39653724]
[0.2424426]
[0.17923704]
[0.19868375]
[0.3412114]
[0.52004117]
[0.39008904]
[0.3713419]
[0.23000729]
[0.40398535]
[0.3243016]
[0.5730926]
[0.45127416]
[0.1468985]
[0.25133687]
[0.9738545]
[0.2143545]
[0.38739786]
[0.7094033]
[0.3538035]
[0.30074477]
[0.5314471]
[0.09941687]
[1.047816]
[0.3406356]
[0.46741858]
[0.48144153]
[0.28858724]
[0.7159153]
[0.5857736]
[0.5461454]
[0.19582798]
[0.39005542]
[0.29475087]
[1.3309215]
[0.6960211]
[0.2959619]
[0.38275352]
[0.38301682]
[0.4563637]
[0.3320646]
[0.29627335]
[0.35561842]
[0.30302194]
[0.35954022]
[0.9526494]
[0.45472807]
[0.3608216]
[0.3454645]
[0.47950006]
[0.28146806]
[0.62906224]
[0.43635815]
[0.34235242]
[0.6041428]
[1.0973463]
[0.30119604]
[0.34492707]
[0.5002306]
[0.3638186]
[0.40880585]
[0.51155865]
[0.38850337]
[0.30192816]
[0.35336864]
[0.58653975]
[0.2541365]
[0.4276486]
[0.32735822]
[0.30897686]
[0.334257]
[0.3931764]
[0.32973403]
[0.39376238]
[0.5311287]
[0.42502573]
[0.26116621]
[0.4227036]
[0.27248082]
[0.27741486]
[0.24277785]
[0.2856783]
[0.29471385]
[0.92649347]
[1.1083249]
[0.42961907]
[0.8182232]
[1.1271316]
[0.97558016]
[0.96047676]
[0.2804394]
[0.3261318]
[0.21297751]
[0.21820717]
[0.25664362]
[0.3391726]
[0.70699996]
[0.4506959]
[0.2769382]
[0.68788016]
[0.27041546]
[0.56999177]
[0.267007]
[0.3284693]
[0.32690755]
[0.31459516]
[0.19765437]
[0.5398735]
[0.6546611]
[0.33011797]
[0.32963076]
[0.30582762]
[0.3719524]
[0.40459836]
[0.39584076]
[0.3393029]
[0.29721588]
[0.25366595]
[0.21613011]
[0.39754868]
[0.32610708]
[0.4758282]
[0.3453881]
[0.45734155]
[0.69766176]
[0.33503267]
[0.28981867]
[0.31560615]
[0.26629475]
[0.7208618]
[0.3556734]
[0.5171866]
[0.42173457]
[0.51935965]
[0.28380564]
[0.50588274]
[0.37597564]
[0.5901683]
[0.9249488]
[0.4263708]
[0.31528586]
[0.442242]
[0.5201321]
[0.30475262]
[0.40051597]
[0.5520682]
[0.38162404]
[0.36132628]
[0.35099497]
[0.4585725]
[0.36756647]
[0.4978927]
[0.38571283]
[0.24810639]
[0.24861369]
[0.32816723]
[0.419441]
[0.33911404]
[0.40971085]
[0.35711673]
[0.34120056]
[0.25268126]
[0.3192137]
[0.25603777]
[0.6757137]
[0.31023863]
[0.26929188]
[0.4112291]
[0.30630195]
[0.23831056]
[0.24948214]
[0.33030102]
[0.36091202]
[0.39802036]
[0.3729187]
[0.31455722]
[0.2819901]
[0.28529337]
[0.34735784]
[0.33744386]
[0.39891443]
[0.23933753]
[0.29234448]
[0.48421326]
[0.43535966]
[0.27387342]
[0.2997825]
[0.51681715]
[0.5591584]
[0.26848912]
[0.4387226]
[0.86594504]
[0.40654382]
[0.26511914]
[0.5782237]
[0.61077356]
[0.26521993]
[0.43049487]
[0.48644266]
[0.44941685]
[0.3151075]
[0.6522859]
[0.38843608]
[0.35817772]
[0.2709449]
[0.6344502]
[0.9156928]
[0.3295255]
[0.36191085]
[0.3402815]
[0.31599742]
[0.71752393]
[0.2725439]
[0.44634175]
[0.3269161]
[0.31352744]
[0.40018857]
[0.31498265]
[0.5972219]
[0.2352878]
[0.27032158]
[0.44103587]
[0.2893575]
[0.39935374]
[0.22958378]
[0.18731399]
[0.38367337]
[0.2775661]
[0.34447202]
[0.30245236]
[0.2204061]
[0.325344]
[0.31916133]
[0.35047194]
[0.19533314]
[0.38851613]
[0.39154595]
[0.4781151]
[0.25356352]
[0.27107018]
[0.31824505]
[0.4731755]
[0.42938915]
[0.38343355]
[0.3048575]
[0.26385263]
[0.5497123]
[0.3774817]
[0.32028085]
[0.29758716]
[0.7255122]
[0.2539073]
[0.3953643]
[0.3481885]
[0.43884784]
[0.2088731]
[0.3895748]
[0.583206]
[0.34073946]
[0.6494556]
[0.50707173]
[0.2601097]
[0.30945534]
[0.26817504]
[0.68667746]
[0.41545993]
[0.45920584]
[0.42794484]
[0.2863649]
[0.2602396]
[0.37206632]
[0.28633758]
[0.38011587]
[0.3330201]
[0.27305248]
[0.30670124]
[0.30948147]
[0.23492992]
[0.30935448]
[0.3248641]
[0.29117116]
[0.36156934]
[0.2845448]
[0.31742048]
[0.3830393]
[0.282418]
[0.32082468]
[0.35613513]
[0.34905747]
[0.2877331]
[0.5588534]
[0.4295835]
[0.39330894]
[0.45761684]
[0.29625797]
[0.5719965]
[0.36822045]
[0.25414336]
[0.58279943]
[0.8617224]
[0.33851904]
[0.3750977]
[0.5096635]
[0.73018587]
[0.58314973]
[0.4400246]
[0.49813953]
[0.28190812]
[0.6335651]
[0.31713477]
[0.66585296]
[0.66370964]
[0.27971488]
[0.31308386]
[0.26810142]
[0.3485162]
[0.28452274]
[0.2866689]
[0.38039255]
[0.30082247]
[0.27018517]
[0.47696364]
[0.22840482]
[0.3367061]
[0.379617]
[0.3033635]
[0.34950247]
[0.50551486]
[0.59739876]
[0.26553684]
[0.635191]
[0.32839215]
[0.3338505]
[0.2976234]
[0.31281647]
[0.40314388]
[0.38138172]
[0.26131594]
[0.40089542]
[0.6032695]
[1.4867624]
[0.34024912]
[0.41538486]
[0.3645413]
[0.3026076]
[0.23923801]
[0.41298965]
[0.47563073]
[0.35530183]
[0.5768944]
[0.32787967]
[0.3963184]
[0.4379783]
[0.23061307]
[0.43955207]
[0.3832767]
[0.43810433]
[0.27514786]
[0.5061898]
[0.5955536]
[0.27751607]
[0.39197826]
[0.30940413]
[1.044551]
[0.20871179]
[0.23390505]
[0.31193963]
[0.39570215]
[0.4389205]
[0.2612463]
[0.30071703]
[0.36195827]
[1.2064079]
[0.4341267]
[0.356837]
[0.44856927]
[0.33337316]
[0.3114531]
[0.70124817]
[0.67020154]
[0.40135622]
[0.37198263]
[0.2559421]
[0.36592096]
[0.7666067]
[0.23368038]
[0.30685177]
[0.4150477]
[0.3424021]
[0.60868573]
[0.35264814]
[0.8404417]
[0.43843645]
[0.27477083]
[0.9401623]
[0.56706524]
[0.25758073]
[0.26010346]
[0.33442998]
[0.35265565]
[0.4072322]
[0.60821056]
[0.4193851]
[0.4002453]
[0.37698328]
[0.31520945]
[0.30125418]
[0.4512186]
[0.38160133]
[0.33047864]
[0.21018504]
[0.20930998]
[0.3089587]
[0.37920168]
[0.42656967]
[0.35293752]
[0.21692556]
[0.26471922]
[0.50320655]
[0.5035588]
[0.3169014]
[0.34143287]
[0.580991]
[0.31740445]
[1.8764358]
[0.38445336]
[0.34734705]
[0.5282053]
[0.5042825]
[0.45438543]
[0.6319646]
[0.3857425]
[0.83025736]
[0.56259793]
[0.3247579]
[0.40374136]
[0.3297278]
[0.2580294]
[0.2767335]
[0.27703348]
[0.07588429]
[0.20302561]
[0.2791088]
[0.2245275]
[0.22200401]
[0.24093337]
[0.23807172]
[0.25705203]
[0.30437]
[0.22914866]
[0.2111877]
[0.47887915]
[0.8129618]
[0.3183928]
[0.4064438]
[0.23903264]
[0.38366666]
[0.26532793]
[0.1598072]
[0.40120548]
[0.21754088]
[0.369521]
[0.3338838]
[0.39002857]
[0.6114843]
[0.3068968]
[0.22077063]
[0.26483223]
[0.33524007]
[0.29544064]
[0.24439819]
[0.36413407]
[0.2067301]
[0.35589033]
[0.20186485]
[0.3828439]
[0.26362047]
[0.3604505]
[0.20186485]
[0.3363209]
[0.6139817]
[0.39412674]
[0.25308758]
[0.3601605]
[0.34380513]
[0.32561246]
[0.3198079]
[0.29370484]
[0.20009346]
[0.19694942]
[0.22721806]
[0.36171412]
[0.4620437]
[0.41937828]
[0.3295255]
[0.62145734]
[0.5401379]
[0.6473624]
[0.5281918]
[0.39828947]
[0.3592849]
[0.69146955]
[1.2310802]
[0.8071615]
[0.8327105]
[0.31315723]
[0.29120433]
[0.26166216]
[0.17632261]
[0.19384518]
[0.4650545]
[0.22984296]
[1.2114304]
[0.72754014]
[0.9376344]
[0.3088276]
[0.3484506]
[0.32874542]
[0.31288394]
[0.19368926]
[0.42337942]
[0.43302566]
[0.56937647]
[0.24116658]
[0.22466573]
[0.24394591]
[0.31189063]
[0.32446784]
[0.42784092]
[0.31159565]
[0.33587965]
[1.3889462]
[0.34610286]
[1.0373223]
[0.23768818]
[0.56899554]
[1.8344418]
[0.35211128]
[0.95033807]
[0.3716028]
[1.1518177]
[0.631155]
[0.62231404]
[0.3541394]
[0.61243296]
[0.27755687]
[0.2860184]
[0.77479917]
[0.22465914]
[0.34502894]
[0.29415542]
[0.9585509]
[0.67952514]
[0.679907]
[0.4960464]
[0.33922738]
[0.8748184]
[0.6920724]
[0.4925943]
[0.34258172]
[0.788383]
[0.46992612]
[1.0095723]
[0.56977236]
[0.8403756]
[0.37375474]
[0.74540764]
[0.58955145]
[0.32204452]
[0.34494802]
[0.39918956]
[0.33580115]
[0.66317725]
[0.7841984]
[0.40440905]
[0.49345124]
[0.435197]
[0.62372464]
[0.34610286]
[0.8425682]
[0.23587659]
[0.35558936]
[0.89432514]
[0.44976896]
[0.40294582]
[1.0871128]
[0.23000248]
[0.8615224]
[1.0456767]
[0.37073633]
[1.1166843]
[0.6514031]
[0.8220057]
[0.47656584]
[0.22273998]
[0.24976242]
[0.22311433]
[0.34653485]
[0.32101068]
[0.5740556]
[0.42928293]
[0.48908234]
[0.40746117]
[1.1017903]
[0.5076205]
[0.59991014]
[0.62431335]
[0.27755687]
[0.21996842]
[0.35066283]
[0.2873116]
[0.4283229]
[0.9012879]
[0.37466395]
[0.65761536]
[0.22102246]
[0.23402278]
[0.22527927]
[0.23097034]
[0.23378259]
[0.37551954]
[0.36637798]
[0.3401882]
[0.17584947]
[0.61661345]
[0.77231807]
[0.18757862]
[0.28022397]
[0.55018795]
[0.35985905]
[0.34497702]
[0.40294582]
[0.34731445]
[0.6380407]
[0.37828228]
[0.31599572]
[0.37073633]
[0.41419408]
[0.48792794]
[0.3643161]
[0.37014958]
[0.90982217]
[0.3541394]
[0.46772203]
[0.65284204]
[0.4214071]
[0.45472074]
[0.38870603]
[0.4647072]
[0.58833563]
[0.27086648]
[0.33545914]
[0.29291657]
[0.3109375]
[0.21737832]
[0.34502894]
[0.49471167]
[0.66836977]
[0.623261]
[0.8587807]
[0.31230727]
[0.8154403]
[0.4834873]
[2.2137606]
[0.44443125]
[0.488642]
[1.0960739]
[0.33922738]
[0.53652227]
[0.8228856]
[0.5686603]
[0.33016983]
[0.43335712]
[0.34258172]
[0.44356447]
[0.2103711]
[0.34494802]
[0.72152156]
[0.8047354]
[0.18679298]
[0.24924979]
[0.35575497]
[0.3389759]
[0.62648654]
[0.64993715]
[0.29277545]
[0.7885595]
[0.48969185]
[0.24881929]
[0.37073633]
[1.0085205]
[1.3165835]
[0.35964647]
[1.1493664]
[0.68489325]
[0.36900926]
[0.31038484]
[0.8475444]
[0.7162429]
[0.72684]
[0.3685027]
[0.28461665]
[0.3544308]
[0.26929325]
[0.31745398]
[0.29657474]
[0.19768064]
[0.34869662]
[0.6396915]
[0.328893]
[0.33271107]
[0.31871372]
[0.4168356]
[0.85011035]
[0.40294582]
[0.4142973]
[0.33389893]
[0.32817975]
[0.7028838]
[0.7984812]
[0.4089343]
[0.32902712]
[0.9517476]
[0.35732263]
[0.4350481]
[0.95224786]
[0.3495118]
[1.352336]
[0.59366286]
[0.569051]
[0.57756364]
[0.7427454]
[0.81715906]
[0.33691263]
[0.36044124]
[0.5769255]
[0.31504944]
[0.5656223]
[0.5492363]
[0.46201256]
[0.34798864]
[0.37505406]
[0.26643077]
[0.25624788]
[0.32263765]
[0.17806551]
[0.37673622]
[0.32904908]
[0.6100707]
[0.45051274]
[0.35239926]
[0.3920182]
[0.27061483]
[0.4965088]
[0.26639962]
[0.66080016]
[0.25724822]
[0.2846592]
[0.45224583]
[0.34378916]
[0.35836118]
[0.27452657]
[0.31184438]
[0.36575508]
[0.37828228]
[0.5604987]
[1.464336]
[0.37073633]
[0.421855]
[0.40247354]
[0.44932193]
[0.3855514]
[0.12269169]
[0.22425227]
[0.1992594]
[0.22173768]
[0.16526942]
[0.42209435]
[1.0446228]
[0.59250027]
[0.20143534]
[0.29237196]
[0.3239671]
[1.0318571]
[0.48920768]
[0.59168196]
[0.42676172]
[0.43369123]
[0.37898293]
[0.29774138]
[0.3159549]
[0.28283438]
[0.48556402]
[0.29965276]
[0.21469833]
[0.83424515]
[0.3483183]
[0.403888]
[0.34229016]
[0.42625603]
[0.34869662]
[0.37556428]
[0.9087332]
[0.29964745]
[0.7190585]
[0.30553794]
[0.4336429]
[1.4868382]
[0.48788053]
[0.44855773]
[0.59389853]
[0.18374068]
[0.81319255]
[0.5355788]
[1.0908911]
[0.39357585]
[0.40437874]
[0.38708022]
[0.985937]
[0.21487239]
[0.21222146]
[0.3365777]
[0.37274456]
[0.34476423]
[1.1328577]
[0.37426686]
[0.6861037]
[0.34212664]
[0.3684265]
[0.32176322]
[0.2914354]
[0.3498612]
[0.29686594]
[0.8807459]
[0.34466937]
[0.24124396]
[0.33222845]
[0.25018433]
[0.28605264]
[1.0209644]
[1.1554655]
[0.38750422]
[0.99914944]
[0.87106]
[0.37365893]
[0.29171687]
[0.3342269]
[0.25133482]
[0.49167603]
[0.28171748]
[0.8572649]
[0.7263793]
[0.3544202]
[0.22478116]
[0.4741442]
[0.90377647]
[0.7431441]
[0.67866284]
[0.3411914]
[0.26438633]
[0.32674405]
[0.32921278]
[0.27528086]
[0.30636296]
[0.5631071]
[0.55304563]
[1.1210248]
[1.1134572]
[0.5749934]
[0.25830236]
[0.4318782]
[0.53111]
[0.40316778]
[0.665753]
[0.22215463]
[0.23814662]
[0.43032503]
[1.8195144]
[0.38503417]
[0.34318087]
[0.5240034]
[0.27967784]
[0.26401436]
[0.5159095]
[0.5521849]
[0.9485506]
[0.24223672]
[0.35369697]
[0.8900811]
[0.39195952]
[0.4824976]
[0.6661673]
[0.23853326]
[0.2476516]
[0.29492927]
[0.635186]
[0.39461884]
[0.52232975]
[0.4583495]
[0.9341741]
[0.33723485]
[0.7739374]
[0.6856703]
[0.22982383]
[0.51007336]
[0.61127853]
[0.5828265]
[0.2832002]
[0.9027666]
[0.25654036]
[0.28254598]
[0.22871986]
[0.6024488]
[0.55173385]
[0.25343302]
[0.44957426]
[0.40172675]
[0.27740064]
[0.5111787]
[0.52402407]
[0.21836756]
[0.44030225]
[0.42518458]
[0.26554117]
[0.4949714]
[0.52402407]
[0.28067535]
[0.25148013]
[0.2578486]
[0.30465552]
[0.92215383]
[0.40149656]
[0.5836036]
[0.471321]
[0.46423438]
[0.40700212]
[0.270367]
[0.27167842]
[0.32500118]
[0.41332275]
[0.5113534]
[1.0816172]
[0.44723687]
[0.14601906]
[0.47567177]
[0.17681599]
[0.24821268]
[0.3860447]
[0.3607863]
[0.36467102]
[0.27061257]
[0.26871434]
[0.27906534]
[0.22238371]
[0.36748466]
[0.23956983]
[0.3100241]
[0.32872236]
[0.21419074]
[0.3784075]
[0.3332911]
[0.19768319]
[0.37912908]
[0.37470245]
[0.33485806]
[0.26526818]
[0.27246147]
[0.44100627]
[0.13674973]
[0.33722633]
[0.27268597]
[0.35810128]
[0.20331593]
[0.6046682]
[0.5512439]
[0.33302566]
[0.3244105]
[0.5958397]
[0.56386733]
[0.38871223]
[0.35854137]
[0.36467102]
[0.31307527]
[0.27853167]
[0.5104817]
[0.22132663]
[0.08104621]
[0.10836792]
[0.2339299]
[0.23719732]
[0.2721116]
[0.19221137]
[0.1692851]
[0.23732449]
[0.24456258]
[0.20860378]
[0.20870505]
[0.17778774]
[0.11672424]
[0.20037155]
[0.21451084]
[0.16728613]
[0.22554608]
[0.17849447]
[0.26832825]
[0.18838018]
[0.24877468]
[0.34884244]
[0.24422647]
[0.2619051]
[0.16505906]
[0.17820087]
[0.2951856]
[0.1684604]
[0.18109514]
[0.26884055]
[0.19977987]
[0.17275637]
[0.22973852]
[0.24806622]
[0.1614823]
[0.10889615]
[0.22941883]
[0.206808]
[0.20706643]
[0.22017151]
[0.14959808]
[0.04569322]
[3.7411752]
[4.841547]
[4.7031136]
[-0.00059619]
[0.04919108]
[0.07635707]
[0.00353291]
[0.07930849]
[0.01491429]
[0.01189997]
[0.00504667]
[-0.08289418]
[-0.07419832]
[-0.00856587]
[-0.02943328]
[0.10026504]
[0.36280993]
[3.3012333]
[0.08634324]
[0.20369993]
[0.14028174]
[0.3122415]
[0.12783629]
[0.11962362]
[0.15078253]
[0.16903138]
[0.1305904]
[0.14597654]
[0.30843157]
[0.13995336]
[0.32903662]
[0.1441656]
[0.32903662]
[0.12783629]
[0.46163616]
[0.1537005]
[0.31396228]
[0.16457807]
[0.1279874]
[0.11376578]
[0.41575494]
[0.26754645]
[0.31620768]
[0.43267444]
[0.1630029]
[0.24926162]
[0.04171344]
[0.16790524]
[1.8362921]
[2.8617978]
[4.5916123]
[0.04584973]
[0.20489687]
[1.271109]
[0.01224767]
[0.09972212]
[0.13374656]
[0.15467145]
[0.12145026]
[0.07881248]
[0.13374656]
[0.12184654]
[0.20020373]
[0.12145026]
[0.36751437]
[0.12184654]
[0.5133153]
[0.12598059]
[0.08985981]
[0.16241644]
[0.17390002]
[0.16497876]
[0.23596677]
[0.16224101]
[0.18986432]
[0.15197897]
[0.19969602]
[0.1472966]
[0.19126867]
[0.16420126]
[0.16719474]
[0.15778126]
[0.12368155]
[0.10314375]
[0.19600074]
[0.20601441]
[0.25338417]
[0.26666906]
[0.18539715]
[0.20964561]
[0.14545424]
[0.49220243]
[0.1941855]
[0.25843284]
[0.16699271]
[0.20573008]
[0.19637197]
[0.17447475]
[0.19424997]
[0.21480757]
[0.23056069]
[0.15196496]
[0.12556453]
[0.21943514]
[0.3324935]
[0.19299625]
[0.54517263]
[0.4031926]
[0.19889547]
[0.13994068]
[0.17008238]
[0.17801389]
[0.381593]
[0.17956673]
[0.37423557]
[0.30234733]
[0.3183605]
[0.12544924]
[0.40425658]
[0.369502]
[0.68349814]
[0.14797786]
[0.16167106]
[0.4031926]
[0.19869961]
[0.20594813]
[0.2757981]
[0.3200427]
[0.3324935]
[0.13216038]
[0.4031926]
[0.2285291]
[0.38519976]
[0.17407154]
[0.17594935]
[0.35998237]
[0.22724818]
[0.38519976]
[0.45903236]
[0.14921838]
[0.4031926]
[0.19819538]
[0.38519976]
[0.2219149]
[0.14892973]
[0.19476025]
[0.3266706]
[0.32721418]
[0.17220248]
[0.215232]
[0.17225249]
[0.1692496]
[0.35998237]
[0.17236757]
[0.15413722]
[0.3334573]
[0.20577447]
[0.14671063]
[0.2962347]
[0.10487874]
[0.14376865]
[0.19877425]
[0.3455979]
[0.2219149]
[0.14421476]
[0.1863982]
[0.23720007]
[0.32332054]
[0.1712349]
[0.15451741]
[0.23707117]
[0.23617455]
[0.18397029]
[0.19844957]
[0.1802243]
[0.21421993]
[0.18902405]
[0.3324935]
[0.27868792]
[0.14551567]
[0.14244784]
[0.22524427]
[0.17422755]
[0.15103987]
[0.15843715]
[0.1090702]
[0.16178438]
[0.14088582]
[0.16388229]
[0.4031926]
[0.5395971]
[0.17761269]
[0.16773081]
[0.24366981]
[0.2575239]
[0.25865602]
[0.19598685]
[0.16996577]
[0.27550152]
[0.17656231]
[0.17879638]
[0.4031926]
[0.18601812]
[0.38519976]
[0.19657333]
[0.22365934]
[0.3188318]
[0.3266706]
[0.34508222]
[0.35998237]
[0.5289357]
[0.19619435]
[0.3334573]
[0.34985235]
[0.74692106]
[0.21566479]
[0.22593477]
[0.11166242]
[0.19598685]
[0.29269645]
[0.2707426]
[0.15100382]
[0.18822135]
[0.18285416]
[0.2884848]
[0.5124691]
[0.19254623]
[0.25011998]
[0.4031926]
[0.16166638]
[0.14797786]
[0.38519976]
[0.16514936]
[0.3266706]
[0.22754525]
[0.35998237]
[0.29489735]
[0.3334573]
[0.19636716]
[0.16113442]
[0.2962347]
[0.21032113]
[0.3455979]
[0.14462158]
[0.32332054]
[0.17940746]
[0.33311605]
[0.31420076]
[0.17917521]
[0.21994542]
[0.18731035]
[0.3324935]
[0.24346742]
[0.2713988]
[0.14551567]
[0.17478196]
[0.21420178]
[0.24834321]
[0.3871433]
[0.2976098]
[0.15869589]
[0.14000905]
[0.4031926]
[0.5104476]
[0.14481544]
[0.21183974]
[0.20731387]
[0.3266706]
[0.36658055]
[0.12759246]
[0.18913928]
[0.12959829]
[0.06994927]
[0.06128685]
[4.5089507]
[0.7352877]
[2.5709562]
[1.1601607]
[0.34076393]
[0.62575346]
[0.0500422]
[4.347401]
[3.2374864]
[1.5126243]
[1.0701427]
[1.0151864]
[1.0022587]
[0.24034645]
[0.28291425]
[0.21351571]
[0.43624115]
[0.26127914]
[0.23909244]
[0.15941255]
[0.21278751]
[0.11353615]
[0.10379297]
[0.10801983]
[0.07048853]
[0.01631103]
[0.1310418]
[0.15136273]
[0.09729986]
[0.13238487]
[0.14577705]
[0.07482788]
[0.07728365]
[3.4720564]
[2.6568975]
[1.3833466]
[0.20062643]
[3.4720564]
[0.5913339]
[4.3807244]
[0.9715902]
[2.7131667]
[0.94443804]
[1.951043]
[0.46590286]
[0.13323477]
[3.8211148]
[0.2527901]
[0.65711874]
[1.4217137]
[-0.00346754]
[0.12472548]
[4.8315744]
[4.763332]
[4.7663307]
[0.16581906]
[0.02776519]
[0.14343128]
[0.12065652]
[0.1154356]
[0.34389463]
[0.18584505]
[0.25706327]
[0.4379359]
[0.10385324]
[-0.1330191]
[0.04923636]
[0.00545025]
[-0.03876309]
[-0.09658039]
[-0.06101197]
[0.00403878]
[3.9893608]
[0.4291095]
[0.38172978]
[0.2579308]
[0.3554628]
[0.48514482]
[1.0263711]
[0.28007588]
[0.3940745]
[1.7021804]
[0.9545712]
[1.2557263]
[0.537218]
[2.0794866]
[1.1818354]
[0.44960845]
[1.8173825]
[0.40091902]
[0.2836458]
[0.62801707]
[0.6760148]
[0.575622]
[1.6834714]
[0.22933052]
[0.25215554]
[1.1143112]
[2.4567482]
[0.1132613]
[0.02764548]
[0.16892228]
[1.955026]
[0.5809735]
[0.3608975]
[0.19095822]
[0.28196815]
[0.16826658]
[0.19323267]
[1.2598543]
[0.44182095]
[2.2434683]
[0.29502153]
[0.12758198]
[0.1458004]
[0.2656685]
[2.2822754]
[0.5530104]
[0.29089767]
[0.2095162]
[0.31796247]
[0.30326948]
[0.16015683]
[0.22583479]
[0.21748589]
[0.18754487]
[0.19494717]
[0.17565669]
[0.21598107]
[0.21748589]
[0.1976927]
[0.3355858]
[0.20737915]
[0.21374786]
[0.192694]
[0.24251153]
[0.00319298]
[0.12359311]
[1.2450025]
[0.14033128]
[0.25152004]
[0.83745056]
[0.23754641]
[0.20624165]
[0.15591782]
[0.153917]
[0.16763093]
[0.05470739]
[0.24830438]
[0.22104113]
[0.5293711]
[0.11836834]
[0.09805474]
[0.7990877]
[0.23502885]
[2.7288823]
[0.89547235]
[0.12755057]
[0.23708908]
[0.10590701]
[0.24336092]
[1.0510474]
[0.11461475]
[0.729853]
[0.3542257]
[0.29375458]
[0.67456996]
[0.32832268]
[0.18243994]
[0.5831379]
[0.36127287]
[0.14144577]
[0.17487206]
[0.16938542]
[0.17095119]
[0.18168831]
[0.18664303]
[0.37942928]
[0.1221538]
[3.8967552]
[4.366443]
[0.67905855]
[1.0355172]
[4.404642]
[3.547368]
[4.3842525]
[3.8346891]
[4.3831363]
[0.29037988]
[4.366443]
[1.1886573]
[4.4023495]
[4.2335896]
[4.404642]
[4.4103284]
[4.3842525]
[1.2159114]
[3.6955538]
[0.2930107]
[0.87456214]
[4.366443]
[0.4731185]
[4.4023495]
[0.7150291]
[4.404642]
[0.7803416]
[3.204013]
[4.3842525]
[0.574147]
[1.592398]
[0.501234]
[0.58481485]
[1.607879]
[2.1527476]
[1.8259087]
[4.115968]
[2.461023]
[4.4023495]
[1.2847755]
[1.7068757]
[2.442014]
[3.7492216]
[0.87616736]
[2.9023771]
[3.7575383]
[3.122254]
[3.3624597]
[3.0813618]
[4.3106613]
[4.278846]
[2.397652]
[4.2308936]
[4.243197]
[4.0294366]
[4.1758614]
[0.52425313]
[2.860458]
[4.342934]
[2.8416352]
[2.1865563]
[3.1317713]
[4.1742897]
[1.0514317]
[4.1838326]
[4.2850165]
[0.27895463]
[0.28894624]
[0.21462137]
[3.1715276]
[4.4023495]
[1.5897821]
[4.404642]
[3.7329082]
[2.0488868]
[4.3842525]
[1.7039753]
[0.61112446]
[0.99334645]
[0.03836951]
[4.442989]
[4.3610682]
[3.475506]
[2.768845]
[3.0084107]
[0.1813639]
[0.04437323]
[0.16605301]
[3.9460747]
[0.17494147]
[0.13902788]
[0.29209498]
[0.21276538]
[0.22042091]
[0.15904485]
[0.08805041]
[0.1388568]
[0.21874727]
[0.16439246]
[0.23841079]
[0.1685003]
[0.21240358]
[0.10731061]
[0.14545806]
[-0.04736633]
[4.037014]
[4.7900705]
[4.2803717]
[1.6408492]
[4.8265314]
[0.14608844]
[0.84192854]
[0.26331836]
[0.0164525]
[0.03722125]
[0.03454976]
[0.06541424]
[0.06719294]
[-0.03092753]
[-0.02896287]
[-0.08276741]
[-0.06066558]
[0.10045397]
[0.15942876]
[0.0207745]
[0.22583376]
[0.13201301]
[0.2596614]
[0.44784424]
[0.92289406]
[0.32445595]
[0.42438793]
[0.22680834]
[0.21500583]
[0.47731984]
[0.32037926]
[0.25073045]
[1.6859572]
[3.3610668]
[0.18929318]
[0.5354923]
[3.1171792]
[0.3157594]
[1.1586013]
[0.6073662]
[0.19527058]
[2.6448708]
[0.48940402]
[0.3123341]
[0.44963002]
[1.248473]
[0.45601332]
[0.19414686]
[0.2538662]
[0.2533547]
[0.36402953]
[0.37637478]
[0.2730559]
[0.19476601]
[0.17924123]
[0.3444139]
[0.16707887]
[0.273101]
[0.2080919]
[0.22529103]
[0.16259314]
[0.34358478]
[0.48803213]
[0.36022207]
[1.1512604]
[0.19375572]
[0.27080837]
[0.23918201]
[2.4731314]
[1.0296448]
[0.34452423]
[0.25005952]
[0.1573201]
[0.19056766]
[0.2533547]
[0.36402953]
[0.37637478]
[0.2730559]
[0.16804388]
[0.3444139]
[0.16707887]
[2.4731314]
[0.7073705]
[0.273101]
[0.30191848]
[0.36642182]
[0.65503794]
[0.19599418]
[1.3444725]
[2.7676995]
[0.21734987]
[3.6756887]
[3.3149424]
[0.22457284]
[0.15715073]
[3.1395547]
[0.24132355]
[0.29201147]
[0.25480646]
[0.22529161]
[0.79831654]
[0.40290195]
[0.20336284]
[0.19279292]
[2.9334254]
[0.3741616]
[0.18158363]
[0.4384026]
[1.3217862]
[0.48609284]
[0.17913684]
[2.7834787]
[0.22935991]
[0.22878893]
[2.7001312]
[0.901365]
[0.18117253]
[0.23645282]
[0.18277054]
[0.3680485]
[0.8894124]
[0.34207606]
[1.0286677]
[0.74020314]
[0.35301328]
[0.5052996]
[0.17546423]
[0.6696271]
[0.4850692]
[0.4780042]
[0.641343]
[2.631646]
[3.5647254]
[0.21483614]
[0.20148933]
[0.3388413]
[0.8868252]
[2.1855931]
[0.17255859]
[0.6092876]
[0.3873556]
[1.1254649]
[2.754889]
[0.25092798]
[0.22498558]
[1.229104]
[3.3375006]
[1.4949671]
[0.9100744]
[0.17853178]
[0.18512216]
[0.2111931]
[0.3703875]
[1.8412545]
[0.495112]
[0.21263768]
[0.20379125]
[0.18892321]
[0.4815228]
[0.5124669]
[0.24347761]
[0.36997288]
[0.47641554]
[1.3030881]
[0.8613338]
[0.33793575]
[0.3347541]
[0.4494867]
[2.6448708]
[0.9766163]
[0.42413163]
[2.6060903]
[0.41295397]
[0.45869613]
[0.24062276]
[0.21141085]
[1.3018872]
[0.30517945]
[0.39623958]
[0.36104885]
[1.652416]
[0.23571926]
[0.44095993]
[0.5176049]
[1.0174427]
[0.3534927]
[1.9190698]
[2.654899]
[0.32853112]
[0.31289887]
[3.33489]
[0.35989925]
[0.18791795]
[1.3247045]
[0.54875904]
[0.254266]
[0.18349986]
[0.13115413]
[0.2080059]
[0.18511139]
[0.60235775]
[0.33514708]
[0.33572447]
[0.25927404]
[0.31590986]
[0.23688479]
[0.20606191]
[0.14514214]
[0.15926312]
[0.33401462]
[0.22909765]
[0.19383226]
[0.19120923]
[0.21223643]
[0.41919956]
[0.45663995]
[1.709796]
[0.24499692]
[0.2972429]
[0.26834267]
[0.2502273]
[0.4519559]
[0.31741107]
[0.17109466]
[0.31821862]
[0.7408925]
[1.4269696]
[0.28403637]
[3.6244314]
[0.6972412]
[0.188748]
[0.31557032]
[0.29753175]
[0.47703785]
[0.42127508]
[1.2526233]
[1.2816899]
[0.29337567]
[0.2803642]
[0.01163677]
[0.15313439]
[0.08104281]
[0.1128926]
[4.341285]
[0.1520498]
[0.07727061]
[0.1257582]
[0.110954]
[0.11913905]
[0.08885512]
[0.11694196]
[0.11129668]
[0.12612201]
[0.08885512]
[0.10190475]
[0.08905615]
[0.21242009]
[0.14042594]
[0.07973558]
[0.11866593]
[0.13892049]
[0.17212854]
[0.36191055]
[0.07146005]
[0.08502603]
[0.09726329]
[0.10037452]
[0.08067405]
[0.08869945]
[0.08188249]
[0.06175812]
[0.1150362]
[0.3289725]
[0.38817036]
[1.2729484]
[0.10647343]
[1.2396725]
[1.1870748]
[0.5035051]
[4.6395197]
[2.8325946]
[4.1181235]
[2.8292081]
[1.0084519]
[0.96794313]
[0.9355012]
[0.68300486]
[0.19923443]
[0.83953327]
[0.20275101]
[0.2043739]
[0.37375757]
[0.38917667]
[1.1542714]
[0.66376275]
[0.8514015]
[0.47548032]
[0.9058132]
[0.9044339]
[0.67128974]
[0.2238495]
[0.00963977]
[0.0893614]
[4.552677]
[1.6093893]
[3.498762]
[4.5921626]
[-0.0142835]
[0.02295494]
[0.00878459]
[-0.00671986]
[-0.03568069]
[-0.02240264]
[0.04838713]
[3.4166305]
[0.43695998]
[1.4401021]
[0.23802891]
[0.34586495]
[0.8605511]
[1.3067122]
[0.20846966]
[2.2147322]
[0.3347612]
[0.49981737]
[0.17907299]
[2.0968056]
[0.16347213]
[0.11189492]
[0.0923636]
[0.2592555]
[0.19536716]
[0.9756667]
[0.18790834]
[0.22689371]
[1.1553088]
[0.16102123]
[0.91793144]
[0.17382221]
[0.17196156]
[0.83743614]
[0.12104906]
[0.12104754]
[0.13919644]
[0.16818295]
[0.05770771]
[0.03615462]
[0.13234322]
[0.13569279]
[2.6143675]
[4.338612]
[1.0628598]
[2.2494745]
[2.100925]
[4.445285]
[3.8125923]
[4.4921517]
[4.465286]
[4.2302637]
[4.3903604]
[3.9162014]
[1.2656637]
[4.312818]
[3.4630458]
[4.113324]
[4.036715]
[0.35478532]
[0.18179484]
[0.42146552]
[0.45375782]
[0.7125087]
[0.24461949]
[0.06824639]
[0.04963523]
[3.91416]
[0.4015268]
[0.46337497]
[0.14037701]
[0.3536239]
[0.11010656]
[0.18669243]
[0.09082121]
[0.08180052]
[0.04214722]
[0.36538222]
[3.0729938]
[0.16511367]
[0.2337954]
[0.27868345]
[0.25586677]
[0.26273862]
[0.35183346]
[0.29191563]
[0.3295872]
[0.42069945]
[0.5816927]
[0.02924317]
[0.29688892]
[3.075256]
[0.14270647]
[0.19216967]
[0.2252173]
[0.2068596]
[0.20518456]
[0.32689732]
[0.21661906]
[0.24369256]
[0.3123439]
[0.45871007]
[4.094458]
[4.1719604]
[4.638211]
[0.02504687]
[-0.0223061]
[-0.03954246]
[-0.05670463]
[-0.04909169]
[-0.04253134]
[4.7557273]
[3.8374302]
[0.2989882]
[-0.10079361]
[0.01955382]
[0.02115882]
[0.00980666]
[-0.08671059]
[-0.02836199]
[0.0190541]
[3.4977427]
[0.7065]
[0.10748777]
[0.05235054]
[0.03949289]
[3.7602868]
[0.07316914]
[4.507301]
[4.8105536]
[4.800537]
[4.8028216]
[4.761211]
[0.07287143]
[-0.11306156]
[0.02461304]
[0.00495503]
[0.01259302]
[0.01874144]
[0.0540518]
[-0.0031548]
[-0.0231014]
[-0.0837846]
[-0.02810272]
[-0.01894911]
[0.03450893]
[2.374621]
[0.12750116]
[0.26595283]
[0.09020205]
[0.1457561]
[0.04783465]
[0.42827237]
[3.3964546]
[0.45768175]
[0.4658776]
[0.33018816]
[1.843586]
[0.8633488]
[0.6019304]
[0.68136126]
[0.542252]
[0.599612]
[0.14164154]
[0.07655454]
[1.3140327]
[0.3403255]
[0.34375513]
[0.38478544]
[4.292945]
[0.24509974]
[0.27051023]
[-0.03253046]
[0.07847589]
[0.09420725]
[3.3641427]
[0.10732301]
[0.1279159]
[0.07510529]
[3.1473062]
[4.7557974]
[4.74079]
[4.6675973]
[0.06922178]
[0.10367703]
[0.19039305]
[0.24795584]
[0.03445136]
[0.3094653]
[0.14189938]
[0.11712225]
[0.15320432]
[-0.08803535]
[0.04206534]
[0.02278817]
[0.03538772]
[0.06930858]
[0.066888]
[0.03081503]
[-0.00930469]
[-0.06892408]
[-0.05323899]
[0.01606091]
[0.06296467]
[2.4333117]
[0.14090502]
[0.17010245]
[0.04494767]
[0.11005954]
[0.20123875]
[0.1467162]
[0.11479354]
[0.20281288]
[0.2371838]
[0.23457606]
[0.1824678]
[0.19579183]
[0.38460255]
[3.3494]
[0.22176376]
[0.12897196]
[0.17494453]
[0.18857092]
[0.21031724]
[0.10692009]
[0.15431653]
[0.11809476]
[0.14564165]
[0.20348044]
[0.13692161]
[0.82517993]
[0.2267691]
[0.17595677]
[0.15146017]
[0.153224]
[0.12336946]
[0.13413173]
[0.20450705]
[0.16706194]
[0.06960148]
[3.5760994]
[0.2782591]
[0.0708866]
[0.17317177]
[0.11117196]
[0.1605903]
[0.18509214]
[0.31713805]
[0.32483906]
[2.7461455]
[0.12502377]
[0.13290054]
[0.11586794]
[0.11489855]
[0.8026105]
[4.792238]
[4.105194]
[4.6502113]
[0.1656879]
[0.410672]
[0.42911956]
[0.3617999]
[0.35552242]
[0.37087914]
[0.42636943]
[0.22185753]
[2.8063357]
[1.5614864]
[-0.06792167]
[0.10863541]
[0.19208114]
[0.11288035]
[0.15481463]
[0.08736511]
[0.11336388]
[0.05643858]
[0.02604317]
[0.01990886]
[0.12650761]
[0.06269246]
[0.13026848]
[0.18719505]
[0.12654927]
[0.12353072]
[0.12473176]
[0.14368366]
[0.12654927]
[0.12353072]
[0.12473176]
[0.14368366]
[0.12654927]
[0.12353072]
[0.12473176]
[0.15781513]
[0.16833444]
[0.15956505]
[0.5259121]
[0.1354751]
[0.31500253]
[0.1017769]
[0.14259996]
[0.24935232]
[0.19483772]
[0.17702152]
[0.16226515]
[0.14873444]
[0.14849418]
[4.120021]
[0.7867869]
[0.19916505]
[0.1634738]
[0.16341135]
[0.1447063]
[0.18914187]
[0.15863667]
[0.27347183]
[0.17212495]
[0.17851609]
[0.15692158]
[0.18647145]
[0.15927656]
[0.18363187]
[0.25102186]
[0.08843926]
[0.4235964]
[2.2736118]
[4.534978]
[0.11961204]
[0.26621446]
[0.352641]
[0.32520556]
[0.51021624]
[0.32549673]
[0.24674882]
[0.29090467]
[0.352641]
[0.28307563]
[0.51021624]
[0.32549673]
[0.29033965]
[0.18770067]
[0.2814582]
[0.25457704]
[0.2408576]
[0.2761183]
[0.2891751]
[0.7990129]
[3.6278586]
[0.2731342]
[0.09212203]
[0.23674719]
[0.35353202]
[3.3053524]
[3.1352746]
[1.5564713]
[0.54251283]
[4.576637]
[3.0069633]
[3.8521767]
[3.5794256]
[3.770671]
[4.2264576]
[4.4160886]
[4.1161604]
[3.8896227]
[-0.00659861]
[0.16709225]
[0.16722693]
[0.2249033]
[0.21309716]
[0.22654215]
[0.33141193]
[0.15968573]
[3.230072]
[0.35006276]
[0.25161827]
[0.3028313]
[0.205876]
[0.14566727]
[0.260003]
[0.20698062]
[0.26045808]
[0.17212288]
[0.28979954]
[0.16470705]
[0.14243928]
[0.28050837]
[0.18156303]
[0.16932128]
[0.22694032]
[0.17804669]
[0.19653296]
[0.1748189]
[0.17359184]
[0.21899764]
[0.21905169]
[0.20333558]
[0.18524186]
[0.19653296]
[0.24395967]
[0.4213058]
[0.33642256]
[0.15191832]
[0.33642256]
[0.07799499]
[0.10823306]
[4.65096]
[3.0781934]
[0.98536426]
[0.24672784]
[0.09215266]
[4.629822]
[3.1905844]
[4.235317]
[1.760137]
[1.0155042]
[0.03254655]
[3.3127115]
[0.47664496]
[1.1474684]
[0.25184417]
[0.3546214]
[1.089578]
[1.2469108]
[0.19586395]
[2.585214]
[0.33125752]
[0.48024645]
[0.16995929]
[2.3900738]
[0.14769264]
[0.11421706]
[0.09291768]
[0.29281577]
[0.20810282]
[1.3681595]
[0.19455872]
[0.20744844]
[1.6970303]
[0.1525258]
[0.97640693]
[0.16748503]
[0.16415372]
[0.8651317]
[0.10425565]
[0.12826039]
[0.14619932]
[0.14975703]
[0.04466503]
[0.00367635]
[0.12113184]
[0.13197373]
[-0.06867141]
[0.21583933]
[0.17626628]
[0.13213678]
[0.17502159]
[0.0966747]
[0.1099827]
[3.8545628]
[0.25190938]
[0.08316612]
[0.2021668]
[0.18400422]
[0.14570025]
[0.17120337]
[0.08822182]
[0.19777022]
[0.10026753]
[0.08713104]
[0.12748104]
[0.1843172]
[0.07160829]
[0.08648056]
[0.0363459]
[-0.01639524]
[0.16683257]
[2.6266086]
[0.2853281]
[0.25600612]
[0.241947]
[0.22960597]
[0.7536985]
[0.24840666]
[3.9950397]
[0.16662821]
[0.04275856]
[4.803546]
[4.2617273]
[4.477678]
[0.07485292]
[0.2404279]
[-0.06697229]
[0.01936651]
[-0.02444462]
[-0.00603315]
[-0.04608541]
[-0.02647973]
[0.04700667]
[2.3447802]
[0.13578852]
[0.13601817]
[0.28196055]
[0.17864212]
[0.12901326]
[0.06942203]
[0.08679703]
[4.492218]
[4.3829355]
[4.507364]
[3.331585]
[4.6560636]
[3.2077425]
[0.05438684]
[0.14389731]
[0.18894641]
[0.20042337]
[0.19442214]
[0.4643725]
[0.20529684]
[0.04714957]
[0.21680044]
[0.37069944]
[0.2042112]
[0.30285126]
[4.3402996]
[0.10226537]
[0.12005335]
[4.6084704]
[0.28079122]
[3.3623128]
[4.2689066]
[-0.00780325]
[0.17762779]
[0.1546088]
[0.16819656]
[4.225145]
[0.12651195]
[0.14738463]
[0.20288746]
[0.36133233]
[0.12230749]
[0.33084542]
[0.10326679]
[0.21868683]
[0.16854449]
[0.11804467]
[0.17731272]
[0.12772828]
[0.19220118]
[0.13770024]
[0.1353042]
[0.14098105]
[0.26869303]
[0.13238306]
[0.31219202]
[0.12354672]
[0.0877928]
[0.10507886]
[0.10969293]
[0.20156798]
[0.04579503]
[0.02894442]
[0.04901291]
[0.18797228]
[0.18165419]
[0.16093627]
[0.13985328]
[0.36279193]
[3.6912751]
[0.2511852]
[0.05164782]
[-0.00379291]
[0.02243713]
[4.088726]
[0.0223601]
[1.9816215]
[4.6307945]
[-0.07613999]
[0.00389344]
[0.00502469]
[-0.00053412]
[0.02990251]
[0.03121231]
[-0.02514764]
[-0.02845678]
[-0.05851677]
[-0.0313806]
[0.00127249]
[0.36469796]
[0.6071314]
[0.5696377]
[1.0183382]
[0.6787833]
[3.4410465]
[1.0441083]
[0.84465766]
[0.4289392]
[0.06631657]
[0.23253399]
[1.7148457]
[0.07328093]
[4.3863816]
[0.50289154]
[0.06428154]
[0.07227547]
[1.7904798]
[0.0835362]
[0.13918695]
[0.20156646]
[0.17256631]
[0.10506272]
[0.08378461]
[0.09152871]
[0.11487426]
[0.05897584]
[0.11415602]
[0.08378461]
[0.11771715]
[0.05689738]
[0.07950492]
[0.0871409]
[0.1551887]
[0.07631241]
[0.08556917]
[0.04977015]
[0.07818696]
[0.07346024]
[0.08947778]
[0.05459046]
[0.06044865]
[0.0851625]
[0.06844977]
[0.065974]
[0.06522]
[0.0562069]
[0.06024266]
[0.16802888]
[0.05798479]
[0.05375286]
[0.06698201]
[0.10525554]
[0.0470692]
[0.06728178]
[0.08256355]
[0.07437485]
[0.07368275]
[0.04777056]
[0.0708246]
[0.04394132]
[0.08693425]
[0.06531844]
[0.1087731]
[0.19970769]
[0.06601831]
[0.05490133]
[0.06062535]
[0.07997621]
[0.04154617]
[0.01749131]
[0.12332369]
[0.32488966]
[3.3103387]
[-0.03001912]
[4.5062766]
[0.3283005]
[1.5643475]
[0.5060087]
[1.5643475]
[0.6247884]
[0.16316435]
[1.5643475]
[0.4542588]
[1.5643475]
[0.54104376]
[0.1583123]
[1.5643475]
[0.2922598]
[-0.00858802]
[0.27376866]
[0.15483241]
[3.7321103]
[0.42528838]
[0.0107624]
[4.785415]
[0.8321417]
[4.7578235]
[0.09463621]
[0.10214604]
[0.05603382]
[-0.00478445]
[-0.08221792]
[0.02419802]
[0.05298199]
[-0.00841097]
[0.06784104]
[0.02144165]
[0.07411114]
[0.06956794]
[0.00325938]
[-0.01776595]
[-0.08399236]
[-0.01649657]
[0.04425858]
[0.08850697]
[0.47260642]
[0.13972354]
[0.16739875]
[0.17110868]
[0.20006049]
[0.13842207]
[0.30130634]
[0.27640158]
[0.31069744]
[0.18090451]
[0.19290479]
[0.13762091]
[0.16541195]
[0.18554004]
[0.250268]
[0.17876348]
[0.18787877]
[0.21119757]
[0.24493223]
[0.14355631]
[0.10359377]
[0.11656269]
[0.15030028]
[0.27567208]
[0.1419616]
[0.23749603]
[0.20672953]
[0.21164607]
[0.13946725]
[0.17391297]
[0.19257821]
[0.29627228]
[0.11244819]
[0.1458715]
[0.14840096]
[0.17946534]
[0.5177925]
[0.15710154]
[0.15977214]
[0.3104532]
[0.29829955]
[0.21687222]
[0.08445711]
[0.11754344]
[0.22781067]
[0.1523908]
[0.16587557]
[0.13405675]
[0.25663602]
[0.12343509]
[0.1416986]
[0.12058757]
[0.20698275]
[0.27332172]
[0.15125178]
[0.13083428]
[0.18661286]
[0.18470383]
[0.19138518]
[0.23372646]
[0.18406351]
[0.16235717]
[0.13621671]
[0.10801423]
[0.16935189]
[0.15726304]
[0.20566279]
[0.11995156]
[0.2984456]
[0.11407803]
[0.17115821]
[0.17984024]
[0.14188153]
[0.1836565]
[0.13689892]
[0.26071948]
[0.20148079]
[0.09861448]
[0.0894608]
[0.079813]
[0.14363128]
[0.17924784]
[0.25010112]
[0.12722275]
[0.09669577]
[0.07387593]
[0.14378743]
[0.17924784]
[0.25010112]
[0.11870506]
[0.11684854]
[0.26071948]
[0.11581197]
[0.1459916]
[0.20075727]
[0.13550884]
[0.17924784]
[0.20075727]
[0.21220702]
[0.21626969]
[0.17986454]
[0.19775055]
[0.21903227]
[0.12906033]
[0.08399025]
[0.16756304]
[0.12131459]
[0.14409195]
[0.114452]
[0.19526848]
[0.14961861]
[0.18842624]
[0.17775534]
[0.16722341]
[0.20759284]
[0.15832765]
[0.27757844]
[0.17969634]
[0.17408371]
[0.1502484]
[0.10281245]
[0.11206424]
[0.13366725]
[0.14451765]
[0.09664269]
[0.11304435]
[0.18206216]
[0.8237469]
[0.20156054]
[0.25612074]
[0.14557922]
[0.15127741]
[0.16871145]
[0.21975857]
[0.17915599]
[0.5971199]
[0.15022528]
[0.1735314]
[0.17557554]
[0.16360013]
[0.09948993]
[0.43618864]
[3.7059393]
[3.0559883]
[0.1585417]
[0.15299049]
[0.19815895]
[0.07559703]
[0.06570306]
[2.5678246]
[0.15282795]
[0.33021757]
[0.28458744]
[0.17463447]
[0.15047859]
[0.06528833]
[4.2184625]
[0.6732152]
[0.61107713]
[0.5620248]
[0.9830878]
[0.5160271]
[1.0741346]
[0.35827744]
[0.36947492]
[2.3411846]
[1.8788825]
[1.2648252]
[0.6844233]
[3.0803266]
[1.813558]
[0.6004584]
[2.7009034]
[0.5032231]
[0.4180041]
[1.1891111]
[1.0802616]
[0.76846886]
[1.0655649]
[0.40325832]
[0.30594456]
[1.0379728]
[2.547742]
[0.21309195]
[1.0873916]
[0.73957235]
[1.6013048]
[0.32948655]
[0.3511631]
[0.31724843]
[0.4397669]
[0.37142193]
[0.4786441]
[0.18160601]
[0.3517597]
[0.81967276]
[0.6118359]
[3.7548044]
[2.040739]
[0.37763685]
[-0.01406633]
[0.6800096]
[0.30840337]
[0.18317132]
[0.31778967]
[0.9616729]
[0.3534564]
[0.33794987]
[0.25737438]
[0.46295804]
[0.4060022]
[0.14120284]
[1.114375]
[3.4511015]
[0.17629987]
[1.2415012]
[0.5479078]
[1.3651403]
[0.6744753]
[0.5716802]
[0.7730639]
[0.31778967]
[0.2486142]
[1.1564121]
[0.70565104]
[0.23365803]
[0.17806101]
[0.59742814]
[2.0496867]
[0.7507183]
[0.8954658]
[0.29677176]
[4.1159973]
[0.04024294]
[3.9998674]
[2.077819]
[0.2356421]
[0.32270473]
[0.16158463]
[0.13317807]
[1.7946795]
[0.23462804]
[0.3948639]
[0.18113117]
[1.9044213]
[0.8351284]
[0.14586839]
[1.2249007]
[0.6331537]
[0.47559536]
[0.9151914]
[0.36859003]
[0.54659]
[0.23993838]
[0.2575455]
[0.41308576]
[0.24950515]
[0.23220469]
[1.4180833]
[0.26345506]
[0.43177736]
[0.31351224]
[0.15553536]
[0.18094908]
[0.18701468]
[0.44840953]
[0.18732028]
[0.14919496]
[0.1398902]
[2.9319263]
[0.79424065]
[1.2229084]
[0.51002115]
[0.57823825]
[0.35105917]
[0.3960812]
[0.20077917]
[0.19387563]
[0.15383676]
[0.45494172]
[0.3320212]
[0.2113644]
[0.20810577]
[0.49785835]
[0.28703123]
[0.22567691]
[0.38346326]
[0.42484593]
[0.20990185]
[0.3283895]
[0.19420792]
[0.27685425]
[0.42484593]
[0.14661723]
[0.24929056]
[0.6331537]
[0.47559536]
[0.3539078]
[0.36859003]
[0.6526188]
[0.507093]
[3.1227396]
[0.42224702]
[1.2701466]
[0.69420505]
[0.93677944]
[0.29020897]
[1.46639]
[0.67074156]
[0.3869521]
[0.44340655]
[0.37105748]
[0.22510576]
[0.22128059]
[0.31043124]
[0.92772585]
[1.2229084]
[0.51002115]
[0.57823825]
[0.35105917]
[0.09541795]
[2.9319263]
[0.79424065]
[1.2229084]
[0.51002115]
[0.57823825]
[0.35105917]
[0.3570771]
[0.20077917]
[0.20782773]
[0.58330595]
[0.36855912]
[0.17345242]
[0.41976553]
[0.24977262]
[0.13475059]
[0.69420505]
[0.93677944]
[0.5849785]
[0.72342324]
[0.63891363]
[0.23993838]
[0.2575455]
[0.40084398]
[0.27699488]
[0.26345506]
[1.4140686]
[0.31351224]
[0.15553536]
[0.18654105]
[0.44840953]
[0.18732028]
[0.2113644]
[0.20810577]
[0.49785835]
[0.28703123]
[0.19382127]
[0.38346326]
[0.42484593]
[0.20990185]
[0.3283895]
[0.19420792]
[0.27685425]
[0.38322097]
[2.3871968]
[0.12839857]
[1.2401103]
[0.06962574]
[0.6713846]
[0.21420744]
[1.5229]
[2.3211234]
[1.8054585]
[1.4455895]
[0.2575455]
[0.60007787]
[0.25359076]
[2.3211234]
[0.26345506]
[1.1025498]
[0.31351224]
[0.15553536]
[1.7588797]
[0.26851156]
[1.2800586]
[0.23032475]
[0.23742045]
[0.18696536]
[0.47559536]
[1.7588797]
[1.7525792]
[0.26677322]
[0.44840953]
[0.4693246]
[2.3211234]
[0.19717224]
[0.36081383]
[1.7588797]
[0.25821334]
[1.2800586]
[1.9801158]
[2.0054235]
[1.4455895]
[0.21642345]
[0.2852901]
[0.19008873]
[1.1936812]
[1.7588797]
[0.1910732]
[0.26694438]
[1.6692567]
[0.19947514]
[0.18696536]
[0.47559536]
[1.2800586]
[1.1333152]
[0.2744331]
[0.8073386]
[0.9443771]
[0.39087355]
[0.9767188]
[0.30336422]
[1.5329844]
[0.18553966]
[0.18696536]
[0.47559536]
[2.3211234]
[0.4348254]
[0.16962607]
[0.26692498]
[1.7588797]
[0.2415632]
[1.2800586]
[0.3810477]
[0.18696536]
[0.9571564]
[0.27825513]
[0.20197833]
[0.28128433]
[1.1012907]
[0.1957628]
[0.18696536]
[0.47559536]
[0.9571564]
[1.2557377]
[1.0459245]
[1.4455895]
[1.7035826]
[0.60903823]
[2.3211234]
[0.43068704]
[0.15723003]
[0.19412307]
[1.1012907]
[1.0169289]
[2.2194092]
[1.4455895]
[0.35085246]
[0.45494172]
[0.32635757]
[2.3211234]
[0.29009765]
[0.15325142]
[0.18997584]
[0.41777107]
[1.4455895]
[1.1337767]
[1.071078]
[2.3211234]
[0.6095423]
[0.693085]
[0.539838]
[1.1147734]
[0.5220395]
[1.46639]
[0.67074156]
[0.3869521]
[1.4455895]
[0.21642345]
[0.43837842]
[0.32660908]
[0.2883093]
[0.44340655]
[0.37105748]
[0.22510576]
[1.7588797]
[0.29009765]
[0.15386833]
[0.6207065]
[0.5266778]
[0.7450522]
[1.4455895]
[0.5170175]
[0.5835183]
[2.3211234]
[1.2894036]
[1.7588797]
[0.29009765]
[0.15386833]
[0.6392217]
[2.1128585]
[0.34830308]
[0.5783895]
[0.762461]
[0.77985775]
[0.9628888]
[1.4455895]
[0.21974756]
[0.27685425]
[2.3211234]
[0.33415696]
[0.18696536]
[0.47559536]
[0.9034044]
[0.1862937]
[0.7735509]
[0.21408905]
[0.17097585]
[0.47559536]
[0.25782466]
[0.5046657]
[0.32955146]
[0.14973415]
[0.19844292]
[0.24491686]
[0.13720049]
[0.39227024]
[0.29895404]
[0.24898462]
[0.1572249]
[0.11828417]
[0.11396764]
[0.15413582]
[0.17605636]
[0.28295794]
[0.27210018]
[0.52874535]
[0.5502835]
[0.35200667]
[0.34208888]
[1.1082861]
[1.6421013]
[1.0768495]
[0.7668457]
[0.2614104]
[2.04844]
[0.5060317]
[0.31446463]
[0.19568433]
[0.1384422]
[1.5894372]
[0.22165205]
[1.7093827]
[0.2262375]
[0.12329917]
[0.17915846]
[0.25903147]
[0.16889986]
[0.17746365]
[0.07199462]
[0.18830544]
[0.67000115]
[0.54848456]
[0.3734145]
[0.24554841]
[0.34134373]
[1.1021061]
[0.16135171]
[0.16235013]
[0.14668319]
[0.17002304]
[0.2682018]
[0.19513807]
[0.03368576]
[0.20907304]
[0.20524856]
[0.20590182]
[0.37742776]
[0.6957057]
[0.5466847]
[0.64148104]
[0.12973563]
[0.20089264]
[0.09716111]
[4.3285847]
[0.18651696]
[0.08137567]
[0.20007329]
[0.26784912]
[0.3913234]
[0.23464753]
[0.02492657]
[0.09414864]
[0.09615928]
[0.20560195]
[0.20483409]
[0.14762357]
[0.14204592]
[0.20719837]
[0.08166733]
[0.2904901]
[0.31891158]
[0.59611094]
[0.23228416]
[0.43553627]
[0.13049711]
[0.2815545]
[0.26062173]
[0.35579613]
[0.4193135]
[0.2800709]
[0.27243164]
[0.2548134]
[0.16472396]
[4.091659]
[2.9276452]
[4.168072]
[0.7298445]
[2.068389]
[1.7915089]
[0.19568546]
[0.07316776]
[0.12061684]
[0.5989895]
[0.25332278]
[0.04279205]
[4.1052103]
[0.32516208]
[0.3918272]
[0.19639279]
[0.16109721]
[0.13174431]
[0.11090863]
[0.02641393]
[0.34332126]
[2.0975282]
[0.32087797]
[0.21388228]
[0.33822268]
[0.3034724]
[0.7118063]
[0.350968]
[0.14307763]
[0.10528801]
[4.6548266]
[1.9681938]
[1.9604859]
[0.3000149]
[0.20727511]
[0.11467506]
[0.90677655]
[0.08567258]
[0.258047]
[0.21613473]
[0.12217344]
[0.08819161]
[0.11477843]
[0.0682742]
[0.11871189]
[0.10437396]
[0.10568242]
[0.04474264]
[3.6779633]
[0.1721179]
[0.08694072]
[4.7020035]
[4.4901896]
[4.304771]
[2.2674658]
[0.05385522]
[0.07542977]
[0.09230834]
[0.08742393]
[0.08567702]
[0.07645093]
[0.06283432]
[2.9971251]
[0.09144424]
[0.00910002]
[2.081465]
[0.1400546]
[0.13965774]
[0.10195553]
[0.06396337]
[0.07260884]
[0.04914294]
[0.07987531]
[0.09335563]
[0.08870101]
[0.07842001]
[0.07542248]
[0.06264338]
[2.9123666]
[0.10874067]
[-0.01342928]
[2.252215]
[0.37296757]
[0.15212952]
[0.40056244]
[0.8013667]
[3.0738213]
[0.553487]
[0.4099834]
[0.7251565]
[0.94241947]
[1.4003989]
[0.81001395]
[0.3638487]
[0.817387]
[0.35742074]
[0.54870087]
[-0.03633909]
[0.08304136]
[0.8030864]
[0.4322808]
[0.04370397]
[0.08926129]
[0.10985996]
[3.4312208]
[0.10556078]
[0.08768271]
[1.1217316]
[0.13788672]
[0.1572278]
[0.15450957]
[0.11939815]
[0.41927686]
[0.21522264]
[0.4228532]
[0.15226816]
[0.2013542]
[0.19261536]
[0.30807263]
[0.40335202]
[0.2013542]
[0.19261536]
[0.3595157]
[0.34152797]
[0.2013542]
[0.19261536]
[0.28784657]
[0.32616702]
[0.41324684]
[0.15723063]
[0.2013542]
[0.19261536]
[0.36477768]
[0.39109927]
[0.2013542]
[0.19261536]
[0.39121863]
[0.31369424]
[0.2013542]
[0.19261536]
[0.33498484]
[0.3474913]
[0.16285507]
[0.29528347]
[0.10601807]
[0.26919013]
[4.6458993]
[1.4014765]
[0.28775132]
[0.0418856]
[0.09902579]
[0.21182561]
[0.11298287]
[0.11872533]
[0.18071015]
[0.27051002]
[0.2107224]
[4.2784796]
[0.1525306]
[0.28087768]
[0.0823679]
[0.03697706]
[4.5478897]
[4.2790093]
[3.1147697]
[4.3362694]
[2.0529094]
[4.442558]
[3.2497683]
[4.5075626]
[1.920178]
[3.3863263]
[2.0669541]
[3.8745553]
[2.9037342]
[4.232423]
[0.97756773]
[4.391317]
[3.9855778]
[0.6697259]
[0.3687046]
[0.15841651]
[0.15999326]
[0.18066801]
[0.32149294]
[2.6012323]
[2.4386504]
[2.823244]
[0.50180244]
[4.7095637]
[3.2558355]
[4.472008]
[4.466542]
[4.4725657]
[4.2296014]
[4.501038]
[2.3739693]
[4.520804]
[4.07782]
[4.4691105]
[0.02362616]
[0.14013077]
[0.25962183]
[0.28941518]
[0.29496613]
[0.25464997]
[4.323885]
[0.10161573]
[0.04519744]
[0.45463565]
[0.2865277]
[0.45463565]
[0.54470646]
[0.4145281]
[0.47123075]
[0.27947563]
[0.36082768]
[0.10441352]
[0.24390589]
[0.23292483]
[0.26762938]
[0.60350204]
[0.33804688]
[0.22996913]
[0.40672454]
[0.26476303]
[0.38564083]
[0.2607136]
[0.33900747]
[0.70235103]
[0.52477324]
[0.3629045]
[0.24540937]
[0.3689418]
[0.23045412]
[0.31397736]
[4.0700517]
[0.31985468]
[0.41318575]
[0.23031393]
[0.260158]
[0.37965673]
[0.33992243]
[0.2607136]
[0.23921512]
[0.2470781]
[0.39614367]
[0.07347865]
[0.85549337]
[0.29341826]
[2.3036978]
[3.587991]
[0.44305184]
[0.5619319]
[0.50076216]
[0.87788635]
[0.46381736]
[0.30789214]
[0.6018976]
[0.42469344]
[0.8371767]
[0.41835955]
[0.8938446]
[0.22300787]
[0.50196594]
[0.43263745]
[0.43886733]
[4.2735796]
[4.05683]
[4.7250595]
[0.02673521]
[-0.00564409]
[-0.04385883]
[-0.02874486]
[-0.01886273]
